 0.000      5.00
 0.014      3.49
 0.028      1.95
 0.042      0.39
 0.056     -1.19
 0.070     -2.79
 0.084     -4.42
 0.098     -6.07
 0.112     -7.75
 0.126     -9.45
 0.140    -11.17
 0.154    -12.92
 0.168    -14.70
 0.182    -16.51
 0.196    -18.34
 0.210    -20.21
 0.224    -22.10
 0.238    -24.02
 0.252    -25.98
 0.266    -27.96
 0.280    -29.98
 0.294    -32.03
 0.308    -34.11
 0.322    -36.23
 0.336    -38.39
 0.350    -40.58
 0.364    -42.80
 0.378    -45.07
 0.392    -47.38
 0.406    -49.73
 0.420    -52.11
 0.434    -54.55
 0.448    -57.02
 0.462    -59.54
 0.476    -62.11
 0.490    -64.72
 0.504    -67.39
 0.518    -70.10
 0.532    -72.86
 0.546    -75.68
 0.560    -78.56
 0.574    -81.49
 0.588    -84.47
 0.602    -87.52
 0.616    -90.63
 0.630    -93.80
 0.644    -97.04
 0.658   -100.35
 0.672   -103.72
 0.686   -107.17
 0.700   -110.69
